min, max, avg
0, 2161, 814.745
0, 1793, 658.505
0, 1721, 280.1
0, 2629, 1157.12
0, 2289, 899.275
0, 2314, 916.87
0, 2365, 892.735
0, 2311, 963.36
0, 2413, 816.435
0, 2303, 942.09
0, 2293, 868.59
0, 2322, 843.11
0, 2267, 900.075
0, 2329, 871.625
0, 2306, 921.655
0, 2343, 869.13
0, 2262, 917.47
0, 2384, 868.58
0, 2302, 856.275
0, 2095, 521.09
0, 1893, 633.505
0, 2101, 746.785
0, 2078, 797.985
0, 2089, 779.99
0, 2135, 786.97
0, 2099, 768.8
0, 2096, 813.485
0, 2197, 779.975
0, 2135, 797.265
0, 2086, 803.28
0, 2134, 820.81
0, 2117, 763.195
0, 2143, 811.52
0, 2080, 741.275
0, 2114, 793.26
0, 2180, 756.855
0, 2178, 762.72
0, 2135, 778.33
0, 2113, 791.935
0, 2131, 767.395
0, 2193, 756.145
0, 2099, 834.06
0, 2159, 806.745
0, 2112, 791.705
0, 2170, 786.695
0, 2107, 826.16
0, 2135, 786.06
0, 2113, 836.72
0, 2111, 807.2
0, 2111, 831.165
0, 2141, 779.035
0, 2138, 840.825
0, 2149, 763.365
0, 2149, 739.29
0, 2128, 847.43
0, 2195, 813.615
0, 2156, 813.735
0, 2112, 835.29
0, 2160, 771.66
0, 2134, 807.71
0, 2165, 807.61
0, 2202, 821.1
0, 2201, 816.565
0, 2135, 834.17
0, 2129, 766.165
0, 2108, 848.635
0, 2093, 846.575
0, 2083, 764.68
0, 2111, 807.7
0, 2089, 769.095
0, 2076, 784.825
0, 2121, 803.135
0, 2186, 797.125
0, 2098, 770.205
0, 2074, 817.685
0, 2112, 727.555
0, 2108, 822.955
0, 2152, 826.055
0, 2090, 756.155
0, 2109, 799.935
0, 2129, 722.15
0, 2112, 835.425
0, 2090, 811.695
0, 2112, 819.06
0, 2128, 807.345
0, 2081, 782.655
0, 2112, 816.04
0, 2158, 740.425
0, 2126, 764.695
0, 2111, 794.51
0, 2114, 803.375
0, 2100, 818.2
0, 2106, 825.875
0, 2073, 750.155
0, 2094, 825.59
0, 2137, 774.82
0, 2097, 847.43
0, 2131, 787.98
0, 2083, 791.79
0, 2111, 831.16
0, 2128, 787.165
0, 2192, 783.865
0, 2112, 802.925
0, 2133, 773.285
0, 2226, 791.9
0, 2157, 782.825
0, 2203, 804.595
0, 2176, 857.585
0, 2215, 765.18
0, 2156, 814.15
0, 2187, 839.4
0, 2188, 868.645
0, 2229, 818.44
0, 2192, 827.67
0, 2247, 822.575
0, 2169, 760.475
0, 1937, 651.465
0, 2187, 867.9
0, 2222, 851.24
0, 2176, 935.88
0, 2141, 782.125
0, 2129, 859.61
0, 2223, 810.365
0, 2224, 914.705
0, 2221, 850.63
0, 365, 28.29
0, 1819, 593.75
0, 2145, 741.395
0, 2101, 697.215
0, 2094, 740.48
0, 2087, 794.025
0, 2174, 763.595
0, 2035, 818.605
0, 2112, 806.865
0, 2105, 738.335
0, 2093, 770.455
0, 2151, 775.255
0, 2007, 763.565
0, 2179, 716.145
0, 2210, 815.955
0, 2257, 882.535
0, 2326, 843.69
0, 2224, 869.595
0, 2352, 909.615
0, 2287, 828.15
0, 2237, 854.13
0, 2287, 922.78
0, 2303, 835.19
0, 2269, 823.56
0, 2279, 877.385
0, 2247, 890.27
0, 2356, 835.595
0, 2323, 952.73
0, 1309, 266.485
0, 1829, 683.395
0, 2112, 743.31
0, 2096, 785.935
0, 2015, 734.715
0, 2069, 793.345
0, 2037, 694.575
0, 2129, 772.955
0, 2207, 765.215
0, 2173, 795.94
0, 2324, 878.125
0, 2243, 869.09
0, 2332, 861.34
0, 2253, 907.825
0, 2256, 856.39
0, 2221, 820.8
0, 2336, 834.74
0, 2303, 833.845
0, 2224, 796.225
0, 2269, 851.825
0, 2275, 909.83
0, 2242, 846.74
0, 2224, 903.04
0, 2235, 865.635
0, 2269, 859.78
0, 2194, 871.325
0, 2299, 845.43
0, 2205, 814.37
0, 2207, 888.01
0, 2240, 913.88
0, 2249, 838.595
0, 2211, 869.86
0, 2231, 784.91
0, 2157, 865.025
0, 2211, 784.43
0, 2182, 872.39
0, 2270, 809.225
0, 2237, 862.305
0, 2187, 800.255
0, 1388, 428.17
0, 1952, 640.005
0, 2160, 716.885
0, 2164, 760.62
0, 2123, 732.835
0, 2063, 747.36
0, 2067, 770.69
0, 2103, 780.865
0, 2079, 710.74
0, 2074, 803.935
0, 2155, 749.52
0, 1999, 715.305
0, 2087, 703.165
0, 2093, 764.135
0, 2032, 728.075
0, 2122, 789.395
0, 2092, 714.31
0, 2019, 737.18
0, 2165, 636.685
0, 1727, 599.46
0, 2000, 687.345
0, 2176, 815.075
0, 2206, 807.615
0, 2194, 819.825
0, 2258, 892.975
0, 2271, 913.66
0, 2209, 819.89
0, 2247, 899.22
0, 2230, 883.755
0, 2239, 851.22
0, 2251, 787.63
0, 2218, 809.435
0, 2193, 790.865
0, 2275, 772.37
0, 2239, 865.66
0, 2313, 841.46
0, 2247, 885.84
0, 2238, 809.905
0, 2175, 811.59
0, 2192, 867.745
0, 2256, 861.25
0, 2267, 824.625
0, 2226, 884.24
0, 2301, 842.955
0, 2222, 814.035
0, 2257, 812.035
0, 2219, 857.43
0, 2221, 780.655
0, 2192, 861.92
0, 2219, 843.18
0, 2224, 807.475
0, 2261, 856.885
0, 2250, 890.175
0, 2289, 887.595
0, 2163, 805.91
0, 2262, 850.68
0, 2258, 822.555
0, 2161, 779.215
0, 2160, 778.755
0, 2133, 803.305
0, 2210, 901.245
0, 2223, 835.57
0, 2161, 804.385
0, 2235, 804.235
0, 2218, 860.945
0, 2173, 780.945
0, 2194, 833.08
0, 2192, 860.395
0, 2210, 861.495
0, 2160, 846.745
0, 2256, 893.21
0, 2282, 832.095
0, 2125, 865.12
0, 2198, 898.625
0, 2257, 834.335
0, 2157, 820.835
0, 2320, 865.165
0, 2236, 835.46
0, 2161, 802.335
0, 2161, 850.965
0, 2238, 826.845
0, 2207, 817.435
0, 2197, 802.045
0, 2290, 823.055
0, 2210, 814.365
0, 2207, 849.51
0, 2120, 780.615
0, 2155, 883.945
0, 2202, 844.9
0, 2203, 827.085
0, 2193, 883.65
0, 2199, 878.74
0, 2224, 867.74
0, 2244, 827.85
0, 2297, 753.285
0, 695, 82.13
0, 1961, 693.95
0, 1978, 704.07
0, 2055, 786.105
0, 2096, 753.315
0, 2110, 794.335
0, 2179, 731.59
0, 2128, 843.345
0, 2211, 785.81
0, 2203, 862.785
0, 2288, 866.62
0, 2238, 846.415
0, 2231, 778.495
0, 2212, 835.515
0, 2279, 830.185
0, 2158, 836.295
0, 2343, 845.125
0, 2267, 866.34
0, 2183, 861.085
0, 2251, 761.45
0, 2246, 810.62
0, 2243, 780.725
0, 2148, 839.9
0, 2235, 847.06
0, 2235, 784.295
0, 2161, 748.46
0, 2188, 843.745
0, 2165, 779.06
0, 2221, 762.34
0, 2164, 801.78
0, 2256, 752.965
0, 2198, 912.445
0, 2224, 779.295
0, 2194, 865.785
0, 2256, 822.965
0, 2176, 869.775
0, 2208, 855.675
0, 2137, 832.27
0, 2291, 821.545
0, 2262, 829.105
0, 2263, 786.805
0, 2215, 754.1
0, 2221, 876.54
0, 2200, 787.815
0, 2209, 843.105
0, 2165, 786.74
0, 2237, 806.685
0, 2240, 803.395
0, 2137, 805.115
0, 2202, 844.085
0, 2174, 782.555
0, 2235, 845.515
0, 2209, 817.355
0, 2230, 827.675
0, 2190, 848.245
0, 2256, 833.005
0, 2195, 766.83
0, 2144, 827.68
0, 2268, 824.805
0, 2264, 834.75
0, 2181, 794.845
0, 2160, 834.98
0, 2197, 764.235
0, 2159, 785.73
0, 2174, 848.77
0, 2239, 840.305
0, 2207, 792.645
0, 2242, 899.605
0, 2207, 866.035
0, 2150, 830.315
0, 2145, 747.46
0, 2241, 795.93
0, 2160, 823.9
0, 2232, 853.585
0, 2251, 769.45
0, 2115, 853.48
0, 2204, 842.395
0, 2209, 819.555
0, 2131, 817
0, 2176, 802.015
0, 2068, 811.305
0, 2160, 762.675
0, 2147, 848.225
0, 2186, 768.855
0, 2210, 845.615
0, 2207, 784.495
0, 2141, 828.47
0, 2155, 840.585
0, 2181, 877.71
0, 2215, 774.88
0, 2269, 901.32
0, 2199, 830.61
0, 2171, 830.68
0, 2176, 791.76
0, 2142, 682.305
0, 1397, 314.515
0, 1990, 700.025
0, 1914, 692.41
0, 2099, 719.9
0, 2130, 757.335
0, 1981, 672.67
0, 2042, 710.17
0, 2135, 813.13
0, 1990, 756.445
0, 2030, 770.215
0, 2105, 766.455
0, 2075, 718.385
0, 1903, 723.57
0, 2311, 859.965
0, 2254, 875.84
0, 2269, 813.735
0, 2133, 801.97
0, 2195, 852.125
0, 2214, 820.535
0, 2217, 810.34
0, 2164, 818.965
0, 2138, 785.94
0, 2229, 737.425
0, 2219, 827.63
0, 2266, 831.115
0, 2195, 858.35
0, 2157, 808.645
0, 2174, 844.02
0, 2185, 836.48
0, 2249, 799.14
0, 2253, 827.305
0, 2237, 777.595
0, 2177, 816.455
0, 2149, 869.45
0, 2171, 779.455
0, 2177, 807.93
0, 2224, 800.455
0, 2221, 885.595
0, 2196, 838.81
0, 2192, 799.345
0, 2177, 766.03
0, 2211, 885.58
0, 2211, 850.055
0, 2160, 841.69
0, 2172, 780.445
0, 2176, 797.485
0, 2159, 799.29
0, 2134, 729.01
0, 2159, 791.765
0, 2163, 797.14
0, 2171, 797.08
0, 2163, 834.905
0, 2156, 817.51
0, 2178, 836.51
0, 2169, 773.4
0, 2231, 854.485
0, 2197, 852.25
0, 2266, 893.475
0, 2159, 842.965
0, 2242, 798.315
0, 2135, 819.02
0, 2180, 851.665
0, 2243, 798.245
0, 2147, 783.89
0, 2277, 801.26
0, 1905, 635.635
0, 2126, 739.86
0, 2080, 779.615
0, 2134, 831.895
0, 2203, 749.535
0, 2145, 847.525
0, 2176, 755.975
0, 2177, 859.735
0, 2171, 782.445
0, 2298, 815.125
0, 2217, 769.8
0, 2160, 867.55
0, 2235, 831.07
0, 2255, 824.56
0, 2223, 802.615
0, 2192, 805.665
0, 2233, 826.82
0, 2170, 811.78
0, 2183, 820.655
0, 2241, 807.415
0, 2192, 811.445
0, 2225, 835.875
0, 2167, 846.475
0, 2278, 774.365
0, 2195, 782.55
0, 2191, 813.115
0, 2155, 820.725
0, 2194, 812.2
0, 2164, 782.755
0, 2175, 835.065
0, 2207, 745
0, 2171, 810.915
0, 2239, 776.27
0, 2160, 849.28
0, 2220, 852.25
0, 2223, 805.165
0, 2140, 753.485
0, 2142, 774.415
0, 2199, 834.595
0, 2226, 825.095
0, 2158, 854.64
0, 2267, 837.905
0, 2231, 836.86
0, 2195, 812.79
0, 2192, 808.13
0, 2172, 829.165
0, 2209, 769.44
0, 2160, 812.575
0, 2278, 805.94
0, 2153, 818.325
0, 2238, 728.005
0, 2176, 824.48
0, 2159, 813.765
0, 2151, 787.06
0, 2256, 783.725
0, 2176, 866.415
0, 2131, 756.015
0, 2205, 878.675
0, 2147, 799.77
0, 2263, 784.27
0, 2197, 804.2
0, 2183, 794.54
0, 2158, 748.95
0, 2176, 845.2
0, 2204, 799.75
0, 2192, 835.185
0, 2192, 828.76
0, 2157, 788.44
0, 2161, 847.545
0, 2166, 853.965
0, 2249, 787.04
0, 2137, 757.655
0, 2230, 863.45
0, 2226, 797.76
0, 2134, 816.87
0, 2178, 802.815
0, 2181, 839.71
0, 2176, 725.555
0, 2151, 860.735
0, 2182, 805.63
0, 2150, 850.155
0, 2206, 811.3
0, 2184, 800.045
0, 2130, 778.285
0, 2160, 833.015
0, 2128, 748.59
0, 2234, 803.955
0, 2194, 784.77
0, 2133, 846.46
0, 2217, 797.89
0, 2151, 876.585
0, 2137, 815.98
0, 2143, 788.765
0, 2170, 762.135
0, 2153, 743.36
0, 2158, 857.47
0, 2158, 790.99
0, 2203, 789.075
0, 2189, 836.93
0, 2209, 773.445
0, 2128, 808.165
0, 2177, 765.875
0, 2159, 791.695
0, 2176, 820.945
0, 2185, 799.94
0, 2175, 828.36
0, 2143, 840.785
0, 2215, 760
0, 2160, 769.19
0, 2199, 797.725
0, 2227, 732.615
0, 2189, 828.785
0, 2155, 844.33
0, 2154, 811.935
0, 2131, 788.93
0, 2137, 851.175
0, 2242, 820.25
0, 2135, 825.875
0, 2233, 822.345
0, 2154, 849.575
0, 2167, 764.095
0, 2147, 792.675
0, 2159, 817.995
0, 2213, 799.235
0, 1878, 625.015
0, 2171, 787.29
0, 2251, 826.63
0, 2220, 907.095
0, 2192, 797.915
0, 2211, 819.285
0, 2174, 820.84
0, 2194, 804.045
0, 2176, 808.7
0, 2259, 839.925
0, 2205, 817.83
0, 2238, 865.685
0, 2199, 817.485
0, 2142, 834.405
0, 2187, 762.84
0, 2141, 793.155
0, 2091, 774.51
0, 2178, 813.31
0, 2181, 814.925
0, 2249, 812.9
0, 2153, 789.725
0, 2142, 856.355
0, 2127, 850.275
0, 2221, 807.85
0, 2162, 816.175
0, 2178, 777.71
0, 2157, 800.825
0, 2203, 699.835
0, 2160, 826.27
0, 2151, 779.295
0, 2239, 815.42
0, 2103, 756.69
0, 2124, 837.95
0, 2139, 834.285
0, 2107, 789.77
0, 2173, 803.34
0, 2130, 794.77
0, 2154, 827.335
0, 2176, 791.82
0, 2160, 751.045
0, 2251, 837.83
0, 2110, 799.725
0, 2162, 794.985
0, 2159, 780.8
0, 2152, 812.39
0, 2250, 782.43
0, 2214, 820.7
0, 2171, 751.4
0, 2147, 824.065
0, 2179, 780.585
0, 2129, 878.31
0, 2122, 838.03
0, 2221, 790.36
0, 2167, 760.87
0, 2130, 833.925
0, 2227, 795.775
0, 2138, 800.015
0, 2126, 824.505
0, 2179, 795.395
0, 2178, 834.645
0, 2127, 797.485
0, 2125, 833.355
0, 2160, 820.085
0, 2128, 816.87
0, 2215, 813.705
0, 2125, 846.905
0, 2171, 803.965
0, 2160, 828.485
0, 2109, 773.02
0, 2103, 786.1
0, 2126, 838.49
0, 2139, 826.95
0, 2155, 756.36
0, 2113, 827.26
0, 2176, 761.41
0, 2106, 800.505
0, 2098, 798.77
0, 2158, 723.555
0, 2110, 802.5
0, 2102, 811.73
0, 2122, 858.225
0, 2196, 783.47
0, 2122, 763.5
0, 2156, 765.59
0, 2103, 826.835
0, 2160, 815.73
0, 2107, 793.57
0, 2171, 783.885
0, 2155, 835.665
0, 2162, 771.255
0, 2117, 783.25
0, 2141, 764.32
0, 2123, 811.395
0, 2105, 809.255
0, 2080, 798.83
0, 2109, 799.755
0, 2119, 758.41
0, 2134, 721.565
0, 2163, 782.01
0, 2128, 808.165
0, 2101, 769.665
0, 2080, 747.695
0, 2103, 804.75
0, 2155, 749.795
0, 2197, 726.31
0, 2096, 766.345
0, 2096, 801.595
0, 2107, 782.26
0, 2188, 813.13
0, 2156, 775.515
0, 2163, 815.315
0, 2139, 835.38
0, 2138, 739.05
0, 2118, 830.43
0, 2163, 714.43
0, 2219, 811.245
0, 2096, 739.44
0, 2114, 681.65
0, 2122, 813.37
0, 2171, 767.91
0, 2112, 779.12
0, 2150, 736.645
0, 2158, 829.17
0, 2128, 784.75
0, 2106, 803.91
0, 1505, 182.635
0, 1251, 276.885
0, 1927, 683.665
0, 2055, 713.045
0, 2000, 485.59
0, 1882, 696.08
0, 1967, 700.205
0, 2090, 681.865
0, 1979, 719.18
0, 2059, 754.615
0, 2131, 728.83
0, 2519, 1012.155
0, 2571, 911.55
0, 2670, 1180.675
0, 2449, 918.215
0, 2243, 865.04
0, 2208, 851.995
0, 2219, 832.71
0, 2163, 818.785
0, 2207, 775.015
0, 2182, 880.86
0, 2198, 757.345
0, 2171, 838.175
0, 2169, 826.985
0, 2161, 804.63
0, 2176, 805.05
0, 2153, 854.335
0, 2137, 822.45
0, 2192, 824.69
0, 2131, 805.97
0, 2144, 776.46
0, 2136, 811.71
0, 2139, 822.585
0, 2193, 797.445
0, 2209, 766.12
0, 2141, 842.09
0, 2165, 807.92
0, 2143, 790.605
0, 2155, 772.725
0, 2111, 821.77
0, 2142, 745.825
0, 2189, 838.565
0, 2144, 739.805
0, 2208, 808.15
0, 2146, 803.315
0, 2192, 781.77
0, 2141, 824.385
0, 606, 45.525
0, 1835, 632.585
0, 2004, 704.185
0, 1953, 749.99
0, 2037, 734.69
0, 1968, 787.065
0, 1968, 684.685
0, 2019, 735.115
0, 1953, 664.3
0, 2127, 782.935
0, 2128, 842.065
0, 2169, 851.005
0, 2207, 778.34
0, 2144, 776.55
0, 2143, 817.69
0, 2226, 833.405
0, 2175, 747.555
0, 2163, 782.4
0, 2123, 815.67
0, 2141, 792.24
0, 2203, 815.22
0, 2225, 770.715
0, 2131, 822.01
0, 2167, 806.955
0, 2178, 806.215
0, 2133, 838.205
0, 2142, 798.015
0, 2214, 796.705
0, 2137, 844.62
0, 2179, 797.225
0, 2135, 851.33
0, 2240, 801.03
0, 2103, 749.755
0, 2225, 800.52
0, 2167, 845.515
0, 2159, 814.07
0, 2126, 816.68
0, 2231, 795.315
0, 2160, 860.06
0, 2149, 824.03
0, 2246, 804.01
0, 2160, 783.165
0, 2138, 853.075
0, 2124, 768.495
0, 2176, 830.94
0, 2205, 788.02
0, 2165, 787.68
0, 2191, 793.495
0, 2189, 789.345
0, 2249, 866.115
0, 2182, 850.055
0, 2134, 809.46
0, 2160, 773.88
0, 2166, 807.005
0, 2173, 780.665
0, 2137, 844.185
0, 2154, 746.62
0, 2178, 834.17
0, 2176, 802.295
0, 2180, 854.765
0, 2162, 792.74
0, 2189, 828.425
0, 2254, 781.705
0, 2150, 850.91
0, 2061, 722.42
